3.050000000000000000e+02 3.245000000000000000e+02 2.835000000000000000e+02 3.100000000000000000e+02 6.408100000000000000e+04 4.100000000000000000e+01
3.255000000000000000e+02 3.405000000000000000e+02 3.200000000000000000e+02 3.405000000000000000e+02 5.549600000000000000e+04 2.050000000000000000e+01
3.240000000000000000e+02 3.405000000000000000e+02 3.150000000000000000e+02 3.300000000000000000e+02 3.615200000000000000e+04 2.550000000000000000e+01
3.440000000000000000e+02 3.440000000000000000e+02 3.100000000000000000e+02 3.150000000000000000e+02 3.599200000000000000e+04 3.400000000000000000e+01
3.065000000000000000e+02 3.070000000000000000e+02 2.910000000000000000e+02 3.050000000000000000e+02 3.253900000000000000e+04 1.600000000000000000e+01
2.740000000000000000e+02 2.910000000000000000e+02 2.500000000000000000e+02 2.580000000000000000e+02 7.940200000000000000e+04 4.100000000000000000e+01
2.780000000000000000e+02 2.845000000000000000e+02 2.560000000000000000e+02 2.640000000000000000e+02 3.570000000000000000e+04 2.850000000000000000e+01
2.700000000000000000e+02 2.700000000000000000e+02 2.385000000000000000e+02 2.450000000000000000e+02 6.044500000000000000e+04 3.150000000000000000e+01
2.180000000000000000e+02 2.280000000000000000e+02 1.960000000000000000e+02 1.970000000000000000e+02 9.403100000000000000e+04 3.200000000000000000e+01
2.100000000000000000e+02 2.290000000000000000e+02 1.988000000000000114e+02 2.110000000000000000e+02 1.004120000000000000e+05 3.019999999999998863e+01
2.050000000000000000e+02 2.480000000000000000e+02 1.978000000000000114e+02 2.405000000000000000e+02 5.065900000000000000e+04 5.019999999999998863e+01
2.450000000000000000e+02 2.690000000000000000e+02 2.325000000000000000e+02 2.640000000000000000e+02 9.948000000000000000e+04 3.650000000000000000e+01
2.640000000000000000e+02 2.800000000000000000e+02 2.510000000000000000e+02 2.700000000000000000e+02 7.013600000000000000e+04 2.900000000000000000e+01
2.670000000000000000e+02 2.800000000000000000e+02 2.670000000000000000e+02 2.795000000000000000e+02 3.073200000000000000e+04 1.300000000000000000e+01
2.975000000000000000e+02 3.070000000000000000e+02 2.800000000000000000e+02 2.805000000000000000e+02 4.342600000000000000e+04 2.700000000000000000e+01
2.740000000000000000e+02 2.890000000000000000e+02 2.580000000000000000e+02 2.850000000000000000e+02 3.709800000000000000e+04 3.100000000000000000e+01
3.050000000000000000e+02 3.090000000000000000e+02 2.965000000000000000e+02 3.090000000000000000e+02 3.193900000000000000e+04 1.250000000000000000e+01
3.130000000000000000e+02 3.300000000000000000e+02 2.950000000000000000e+02 3.040000000000000000e+02 4.672400000000000000e+04 3.500000000000000000e+01
3.000000000000000000e+02 3.090000000000000000e+02 2.955000000000000000e+02 3.000000000000000000e+02 2.721300000000000000e+04 1.350000000000000000e+01
3.020000000000000000e+02 3.065000000000000000e+02 2.900000000000000000e+02 2.960000000000000000e+02 1.346600000000000000e+04 1.650000000000000000e+01
2.990000000000000000e+02 3.000000000000000000e+02 2.870000000000000000e+02 3.000000000000000000e+02 1.031600000000000000e+04 1.300000000000000000e+01
3.025000000000000000e+02 3.090000000000000000e+02 3.020000000000000000e+02 3.065000000000000000e+02 1.569800000000000000e+04 7.000000000000000000e+00
